date,auditeurs
2025-06-12,414262
2025-06-12,414262
2025-06-13,412529
2025-06-14,412529
2025-06-15,412721
2025-06-16,412324
2025-06-17,412324
2025-06-18,413258
2025-06-19,415368
2025-06-20,417716
2025-06-21,417716
2025-06-22,417318
2025-06-23,417318
2025-06-24,417944
2025-06-25,417597
2025-06-26,416172
2025-06-27,412695
2025-06-28,411351
2025-06-29,411351
2025-07-01,407249
