date,auditeurs
2025-06-12,858694
2025-06-12,858694
2025-06-13,853202
2025-06-14,853202
2025-06-15,852272
2025-06-16,852166
2025-06-17,852166
2025-06-18,851598
2025-06-19,850379
2025-06-20,852505
2025-06-21,852505
2025-06-22,853133
2025-06-23,853133
2025-06-24,852905
2025-06-25,852594
2025-06-26,852609
2025-06-27,846163
2025-06-28,847371
2025-06-29,847371
2025-07-01,852593
